141.93666092056515
141.96142194636582
141.96976277613123
141.99281277608884
142.0187905585375
142.02429583758294
142.03513583654967
142.03350116764489
142.04202444916905
142.0632405579055
142.16910972853123
142.19228027181714
142.2270211148326
142.26326555056482
142.28454639430072
142.35391250305963
142.4067162518536
142.4469072238893
142.4822144491376
142.50275000041222
142.5002844487684
142.50780194560332
142.5321672247377
142.53174167274005
142.54492749750602
142.56089693894262
142.57796000005408
142.57946984395824
142.58992228278714
142.58635267123884
142.60795194602554
142.6325566669567
142.6353877822204
142.6460561096019
142.6597658371237
142.6748672241431
142.68333111533877
142.70239805392714
142.70204944162845
142.71942302155526
142.73781221755985
142.7726697278257
142.79302778170677
142.8328425034788
142.837615550917
142.87108333342917
142.89306917010617
142.9181422174894
142.92745083019167
142.93318555057272
142.95757544684943
142.9760295334363
142.99424138763004
143.0480508293823
143.05851360591828
143.06421055747137
143.09767972763734
143.1520274972712
143.21411632890556
143.22689072642595
143.23364527890658
143.26607972869658
143.34037544786872
143.35669832736596
143.3651357721982
143.3824948901272
143.41146751031738
143.4657091698424
143.51594138728524
143.57777444813235
143.62698583702684
143.62948555121727
143.69130778152896
143.789160660736
143.83917972806205
143.91259596693044
143.98317092100126
144.06864341096468
144.09348099874921
144.1284666678025
144.17851917012365
144.21776389079105
144.25007917051732
144.25716500536078
144.25208138874518
144.26139472108957
144.254851440042
144.2712765247918
144.28889795067994
144.28680844425435
144.29773705612035
144.30015661463608
144.3242552798573
144.36589472156425
144.39838167287598
144.48048639423178
144.53125250320056
144.6037833334342
144.66164277579355
144.69641199691614
144.74541444811837
144.79599221836622
144.80565333203572
144.8301852789275
144.83478389116374
144.84870693877428
144.88035610954694
144.91474722420514
144.92438167297587
144.9336286119709
144.94596527977387
144.97780917085663
144.9897882754086
145.00679805438676
145.00905027155284
145.01930527861578
145.04240693922895
145.0924272242371
145.0992169393104
145.11882500626905
145.12672888512998
145.15479527917887
145.19147917042744
145.20886167342758
145.22543055707456
145.25201749621056
145.26858055854598
145.28099333327577
145.28654472146184
145.3063344496752
145.31370749650387
145.32899944177086
145.33764416234828